[2.6000000000000000e+01,2.7817743834562091e+01,2.9762334762674275e+01,
 3.1842590225626132e+01,3.4067935609542971e+01,3.6448445274237145e+01,
 3.8994886759218630e+01,4.1718767320053594e+01,4.4632383715136214e+01,
 4.7748875058221664e+01,5.1082279200136384e+01,5.4647592567149175e+01,
 5.8460833746824058e+01,6.2539111104250445e+01,6.6900694330505544e+01,
 7.1565090450922099e+01,7.6553124936090597e+01,8.1887026697947675e+01,
 8.7590518678754123e+01,9.3688913556504417e+01,1.0020921461750279e+02,
 1.0718022268982614e+02,1.1463264861971675e+02,1.2259923180610440e+02,
 1.3111486489688139e+02,1.4021672476726701e+02,1.4994440992635720e+02,
 1.6034008433397921e+02,1.7144862778988789e+02,1.8331779248022272e+02,
 1.9599836649651797e+02,2.0954434347645702e+02,2.2401309606881591e+02,
 2.3946555926822128e+02,2.5596641361039002e+02,2.7358427657300467e+02,
 2.9239189719610459e+02,3.1246634824936700e+02,3.3388922947806105e+02,
 3.5674685870428527e+02,3.8113047042379367e+02,4.0713640808794042e+02,
 4.3486630095686985e+02,4.6442725047339439e+02,4.9593197988674103e+02,
 5.2949898737385206e+02,5.6525267098478491e+02,6.0332341417834823e+02,
 6.4384767209174868e+02,6.8696797693984070e+02,7.3283293574167249e+02,
 7.8159715785214223e+02,8.3342110374277752e+02,8.8847090984266265e+02,
 9.4691806483519213e+02,1.0089390515924483e+03,1.0747148511798780e+03,
 1.1444303112279108e+03,1.2182734370739456e+03,1.2964344528375732e+03,
 1.3791047697679298e+03,1.4664757343986832e+03,1.5587371710690863e+03,
 1.6560757551604675e+03,1.7586731058564694e+03,1.8667036707038283e+03,
 1.9803323516267137e+03,2.0997118589505517e+03,2.2249797817362269e+03,
 2.3562554628457269e+03,2.4936364716580169e+03,2.6371949372133136e+03,
 2.7869736637779774e+03,2.9429819201125392e+03,3.1051910855801771e+03,
 3.2735302371443022e+03,3.4478816517293153e+03,3.6280762653554098e+03,
 3.8138892614755273e+03,4.0050358560777681e+03,4.2011673751879125e+03,
 4.4018677770385393e+03,4.6066507301431302e+03,4.8149574013851125e+03,
 5.0261550931266320e+03,5.2395368811922554e+03,5.4543224020995694e+03,
 5.6696598726904840e+03,5.8846295532631466e+03,6.0982485755407661e+03,
 6.3094774436836396e+03,6.5172278712895377e+03,6.7203724101359849e+03,
 6.9177551865392570e+03,7.1082043921405993e+03,7.2905454950662825e+03,
 7.4636155353870017e+03,7.6262783708771703e+03,7.7774399401883757e+03,
 7.9160635299607211e+03,8.0411849223891304e+03,8.1519267124188455e+03,
 8.2475114715381624e+03,8.3272736109481157e+03,8.3906694135892176e+03,
 8.4372851260551233e+03,8.4668427724985559e+03,8.4792036631421361e+03,
 8.4743694762020441e+03,8.4524808129810117e+03,8.4138135734814550e+03,
 8.3587729202830396e+03,8.2878853381970221e+03,8.2017889422925236e+03,
 8.1012220979555714e+03,7.9870112323062522e+03,7.8600575944575321e+03,
 7.7213233247610297e+03,7.5718178035068559e+03,7.4125836494339455e+03,
 7.2446835162265897e+03,7.0691871777134920e+03,6.8871597276923485e+03,
 6.6996506297430506e+03,6.5076839280105869e+03,6.3122496488228944e+03,
 6.1142964572105757e+03,5.9147255475846687e+03,5.7143857737772605e+03,
 5.5140699289908680e+03,5.3145121882759058e+03,5.1163865069433959e+03,
 4.9203060218888559e+03,4.7268232096394768e+03,4.5364308336667418e+03,
 4.3495634523319468e+03,4.1665994790827917e+03,3.9878636377489961e+03,
 3.8136297475157776e+03,3.6441237516464589e+03,3.4795268971695591e+03,
 3.3199790261504695e+03,3.1655818865135457e+03,3.0164024438018409e+03,
 2.8724761250576703e+03,2.7338099785089630e+03,2.6003857111851130e+03,
 2.4721625858324528e+03,2.3490801632846010e+03,2.2310608753843521e+03,
 2.1180124253342829e+03,2.0098300114611736e+03,1.9063983701795262e+03,
 1.8075936590738525e+03,1.7132851496385470e+03,1.6233367687559769e+03,
 1.5376084891760106e+03,1.4559575594004627e+03,1.3782396135942552e+03,
 1.3043096260935890e+03,1.2340227764933857e+03,1.1672351756851424e+03,
 1.1038045137373952e+03,1.0435905966179064e+03,9.8645581261366078e+02,
 9.3226551255872960e+02,8.8088832724276051e+02,8.3219642161898321e+02,
 7.8606569397680687e+02,7.4237592766205773e+02,7.0101089793964127e+02,
 6.6185844356135158e+02,6.2481050373408971e+02,5.8976312770409243e+02,
 5.5661645896600942e+02,5.2527469847031045e+02,4.9564605024107743e+02,
 4.6764265337988979e+02,4.4118049823556328e+02,4.1617933632108696e+02,
 3.9256257985670862e+02,3.7025719408881321e+02,3.4919358887914893e+02,
 3.2930550125928437e+02,3.1052988014958032e+02,2.9280676867218472e+02,
 2.7607918381717292e+02,2.6029300088955142e+02,2.4539683452641640e+02,
 2.3134192394766737e+02,2.1808202050328356e+02,2.0557327489553086e+02,
 1.9377413070183502e+02,1.8264521794117127e+02,1.7214925086572168e+02,
 1.6225092994345911e+02,1.5291684490833831e+02,1.4411538364879533e+02,
 1.3581664298947800e+02,1.2799234314456244e+02,1.2061574655027535e+02,
 1.1366157857450524e+02,1.0710595292050733e+02,1.0092629967676329e+02,
 9.5101296423567547e+01,8.9610803131920719e+01,8.4435799294125943e+01,
 7.9558324633200087e+01,7.4961422426937588e+01,7.0629085415513643e+01,
 6.6546204767820996e+01,6.2698521161222629e+01,5.9072578600128317e+01,
 5.5655680514140350e+01,5.2435847983825283e+01,4.9401780346305266e+01,
 4.6542817637544729e+01,4.3848905118478598e+01,4.1310559666102321e+01,
 3.8918837881146203e+01,3.6665305999846808e+01,3.4542011332526485e+01,
 3.2541455282058941e+01,3.0656567832088740e+01,2.8880683391588370e+01,
 2.7207517992326267e+01,2.5631147714790284e+01,2.4145988308871221e+01,
 2.2746775945081062e+01,2.1428549023025415e+01,2.0186630991400776e+01,
 1.9016614128831094e+01,1.7914344228352817e+01,1.6875906136174738e+01,
 1.5897610108827742e+01,1.4975978925385458e+01,1.4107735735809758e+01,
 1.3289792591713196e+01,1.2519239617670960e+01,1.1793334810295757e+01,
 1.1109494399404261e+01,1.0465283767844014e+01,9.8584088843313431e+00,
 9.2867082153857528e+00,8.7481451143582927e+00,8.2408006278237593e+00,
 7.7628667237576634e+00,7.3126399042452164e+00,6.8885151759840895e+00,
 6.4889803802089752e+00,6.1126108325736119e+00,5.7580642801726754e+00,
 5.4240761460745279e+00,5.1094550405052610e+00,4.8130785414948676e+00,
 4.5338892058437397e+00,4.2708908176724281e+00,4.0231448514728347e+00,
 3.7897671331924672e+00,3.5699247034080774e+00,3.3628328514581849e+00,
 3.1677523266871477e+00,2.9839867098793595e+00,2.8108799314617450e+00,
 2.6478139409075885e+00,2.4942065030948268e+00,2.3495091263530634e+00,
 2.2132051100633996e+00,2.0848077010199653e+00,1.9638583626222510e+00,
 1.8499251383361588e+00,1.7426011129521801e+00,1.6415029630237696e+00,
 1.5462695878841382e+00,1.4565608246738417e+00,1.3720562334077664e+00,
 1.2924539545826006e+00,1.2174696332782586e+00,1.1468354029284009e+00,
 1.0802989315727616e+00,1.0176225201761901e+00,9.5858225469572678e-01,
 9.0296720769046712e-01,8.5057868410989157e-01,8.0122951353417149e-01,
 7.5474338110960359e-01,7.1095419828980311e-01,6.6970551046979765e-01,
 6.3084993732610650e-01,5.9424864767629593e-01,5.5977086309220769e-01,
 5.2729339097993122e-01,4.9670018512670927e-01,4.6788193046437870e-01,
 4.4073565346441840e-01,4.1516435390214307e-01,3.9107665842667877e-01,
 3.6838649457812023e-01,3.4701278273637520e-01,3.2687914708995236e-01]