[ 9051.             , 9352.083689965048 , 9662.550412003822 ,
  9982.648803893953 ,10312.63100722294  ,10652.75247660259  ,
 11003.271776619475 ,11364.450339172465 ,11736.552192828367 ,
 12119.843683772862 ,12514.593150527146 ,12921.07057585633  ,
 13339.547210865856 ,13770.29515559186  ,14213.586908151783 ,
 14669.69488295017  ,15138.890880681072 ,15621.445529996769 ,
 16117.627674963598 ,16627.703732813945 ,17151.936993405376 ,
 17690.586890218947 ,18243.90819899388  ,18812.150218354593 ,
 19395.555870212036 ,19994.360777574224 ,20608.792265211276 ,
 21239.06832973568  ,21885.396540164475 ,22547.972896624764 ,
 23226.9806300046   ,23922.58895006877  ,24634.951743393314 ,
 25364.206216086783 ,26110.471492132136 ,26873.847160352732 ,
 27654.41175773479  ,28452.221239050417 ,29267.30741934316  ,
 30099.676297726965 ,30949.306423026726 ,31816.147263586256 ,
 32700.117424436707 ,33601.10294156084  ,34518.95562415076  ,
 35453.49123016337  ,36404.48774289008  ,37371.68375030154  ,
 38354.776661281045 ,39353.421038684915 ,40367.227091215325 ,
 41395.759037358475 ,42438.53358877565  ,43495.01864858864  ,
 44564.6319455986   ,45646.73978312666  ,46740.65605072098  ,
 47845.64126314996  ,48960.901707988676 ,50085.58889401048  ,
 51218.799122605684 ,52359.573189193856 ,53506.89637922035  ,
 54659.69869475648  ,55816.85529488517  ,56977.18722753042  ,
 58139.46230167145  ,59302.39631844723  ,60464.654736454286 ,
 61624.854463217904 ,62781.56579185557  ,63933.315042409005 ,
 65078.587320946506 ,66215.82944597385  ,67343.45329961806  ,
 68459.83965749215  ,69563.34211532911  ,70652.29119129688  ,
 71724.99903714842  ,72779.76424833441  ,73814.87681863492  ,
 74828.62340401339  ,75819.29290811096  ,76785.182102662    ,
 77724.60134148481  ,78635.88056744481  ,79517.37530751545  ,
 80367.47271826421  ,81184.59765062392  ,81967.2186877768   ,
 82713.85413243559  ,83423.07801339295  ,84093.52565506799  ,
 84723.89921094282  ,85312.97297845912  ,85859.59903264008  ,
 86362.71150905336  ,86821.33097269798  ,87234.56848896602  ,
 87601.63012639146  ,87921.81978482743  ,88194.54166888994  ,
 88419.30271902106  ,88595.7150764284   ,88723.49769472543  ,
 88802.47676950674  ,88832.58640313284  ,88813.86810973728  ,
 88746.47048487971  ,88630.64790129023  ,88466.75947164587  ,
 88255.26702867694  ,87996.7322756032   ,87691.8140540874   ,
 87341.26468807398  ,86945.92660569586  ,86506.72819078727  ,
 86024.6794943429   ,85500.8675884478   ,84936.45167122682  ,
 84332.65795546836  ,83690.77411512767  ,83012.1441895825   ,
 82298.16301051949  ,81550.27042202577  ,80769.9457519734   ,
 79958.70231060246  ,79118.08169689821  ,78249.64797395452  ,
 77354.98262748723  ,76435.67917609462  ,75493.33777268948  ,
 74529.56033661314  ,73545.94582863551  ,72544.08554139822  ,
 71525.55853878963  ,70491.92775178094  ,69444.7360069229   ,
 68385.50225608126  ,67315.71825802469  ,66236.8454703745   ,
 65150.31215129243  ,64057.510729513066 ,62959.795516409504 ,
 61858.480616870984 ,60754.83816461368  ,59650.09670808681  ,
 58545.439875673896 ,57442.00527991383  ,56340.88386410821  ,
 55243.11911168904  ,54149.70654937031  ,53061.593504672266 ,
 51979.67933903843  ,50904.81542893569  ,49837.8052804097   ,
 48779.404982543936 ,47730.32403497625  ,46691.226015343425 ,
 45662.72910886053  ,44645.4070784737   ,43639.79042764647  ,
 42646.367586503424 ,41665.58572638017  ,40697.85205242083  ,
 39743.53514100779  ,38802.966405845815 ,37876.44112836806  ,
 36964.21989076073  ,36066.52997983464  ,35183.5669164759   ,
 34315.49564307192  ,33462.451956632234 ,32624.54390026669  ,
 31801.853220145684 ,30994.436620291868 ,30202.327115146294 ,
 29425.535346468012 ,28664.050891841693 ,27917.843500860654 ,
 27186.86432460413  ,26471.04711245189  ,25770.30934941504  ,
 25084.553395315128 ,24413.667575313953 ,23757.5272279429   ,
 23115.995672406774 ,22488.925204286374 ,21876.15804019352  ,
 21277.527206574392 ,20692.85734602106  ,20121.96555134813  ,
 19564.662165040936 ,19020.75151088653  ,18490.032554712205 ,
 17972.299576979192 ,17467.3428331456   ,16974.949139470165 ,
 16494.90240371655  ,16026.984149217576 ,15570.97404679937  ,
 15126.65037054212  ,14693.790414819496 ,14272.170889397894 ,
 13861.568335350275 ,13461.759469341052 ,13072.521501814386 ,
 12693.63242617609  ,12324.871331604907 ,11966.018654971582 ,
 11616.856414510534 ,11277.168414433518 ,10946.740469076001 ,
 10625.360579800014 ,10312.819098132282 ,10008.908863902288 ,
  9713.425355897789 , 9426.16680871235  , 9146.934317405941 ,
  8875.531921653672 , 8611.766704512114 , 8355.448861792387 ,
  8106.391765503443 , 7864.41199904726  , 7629.329386135938 ,
  7400.967062529093 , 7179.151489582907 , 6963.71247597098  ,
  6754.4831550775625, 6551.300007431292 , 6354.002881792752 ,
  6162.434980673356 , 5976.442849519586 , 5795.876312819628 ,
  5620.588502961382 , 5450.435837869102 , 5285.27799003295  ,
  5124.977847986562 , 4969.401442678148 , 4818.41796995902  ,
  4671.8997387864465, 4529.722131899937 , 4391.763544794735 ,
  4257.905327214085 , 4128.031780682997 , 4002.0300972781683,
  3879.790314759823 , 3761.205239577274 , 3646.170412179347 ,
  3534.5840741005068, 3426.34710994379  , 3321.362996835005 ,
  3219.537726719177 , 3120.779782686062 , 3025.000088276863 ,
  2932.111954252416 , 2842.031024009552 , 2754.6752046579004,
  2669.9646436717044, 2587.8216725961006, 2508.170757960766 ,
  2430.938444321298 , 2356.053299957357 , 2283.445886489474 ,
  2213.048705355318 , 2144.7961520872714, 2078.624459771806 ,
  2014.471659186537 , 1952.2775400984278, 1891.9836044939545,
  1833.5330233541629, 1776.8705849428052, 1721.942662550223 ,
  1668.6971735245145, 1617.083538283942 , 1567.0526397054246,
  1518.556778848675 , 1471.5496455139055, 1425.9862791663686,
  1381.8230327939862, 1339.017535131024 , 1297.5286543984996,
  1257.3164693599588, 1218.3422344073135, 1180.5683474460436,
  1143.9583154882584, 1108.4767252812799, 1074.089214684649 ,
  1040.762442506823 , 1008.4640598003477,  977.1626797234147,
   946.827852455589 ,  917.4300385485486,  888.9405827867142,
   861.3316886500445,  834.5763925369313,  808.6485414714365,
   783.5227693021258,  759.1744739544166,  735.5797948929437]