[1.1000000000000000e+01,2.0109209511394742e+01,2.9715004169816545e+01,
 3.9844379311132393e+01,5.0525789210973315e+01,6.1789224814268366e+01,
 7.3666295572108353e+01,8.6190316510375325e+01,9.9396398049777602e+01,
 1.1332154196836944e+02,1.2800474086568829e+02,1.4348708396037455e+02,
 1.5981186782004687e+02,1.7702471272648890e+02,1.9517368467575815e+02,
 2.1430942412571665e+02,2.3448528072335824e+02,2.5575745489161432e+02,
 2.7818514428654908e+02,3.0183070312763698e+02,3.2675980434768661e+02,
 3.5304161048969820e+02,3.8074895303960244e+02,4.0995852236383956e+02,
 4.4075106355778627e+02,4.7321158273045717e+02,5.0742956414111910e+02,
 5.4349919597546898e+02,5.8151960675293981e+02,6.2159511246396232e+02,
 6.6383547476222941e+02,7.0835617035319319e+02,7.5527867212364765e+02,
 8.0473074231038606e+02,8.5684673792043066e+02,9.1176792838663323e+02,
 9.6964282679753035e+02,1.0306275330885096e+03,1.0948860909179712e+03,
 1.1625908591281595e+03,1.2339228934439732e+03,1.3090723443657012e+03,
 1.3882388693260414e+03,1.4716320526781249e+03,1.5594718452482250e+03,
 1.6519890151937348e+03,1.7494256040484670e+03,1.8520354063043417e+03,
 1.9600844538337826e+03,2.0738515027673370e+03,2.1936285479422741e+03,
 2.3197213310080879e+03,2.4524498507811618e+03,2.5921489011315825e+03,
 2.7391685865953568e+03,2.8938748445800506e+03,3.0566499868130322e+03,
 3.2278931999128599e+03,3.4080210607488111e+03,3.5974680514725196e+03,
 3.7966870141457343e+03,4.0061496296130344e+03,4.2263468648786475e+03,
 4.4577893402136078e+03,4.7010077284737263e+03,4.9565530786533573e+03,
 5.2249970428383513e+03,5.5069321349819538e+03,5.8029718577141111e+03,
 6.1137507245094512e+03,6.4399242945905489e+03,6.7821690129356784e+03,
 7.1411819503663037e+03,7.5176805047632370e+03,7.9124018529773975e+03,
 8.3261023099825943e+03,8.7595565674668469e+03,9.2135566496413721e+03,
 9.6889107637517645e+03,1.0186441942549764e+04,1.0706986389108079e+04,
 1.1251391672461759e+04,1.1820514643530374e+04,1.2415219058212762e+04,
 1.3036372964564196e+04,1.3684845784450334e+04,1.4361505112813877e+04,
 1.5067213178126587e+04,1.5802823048425156e+04,1.6569174462170275e+04,
 1.7367089388480552e+04,1.8197367271705552e+04,1.9060779925047711e+04,
 1.9958066287121906e+04,2.0889926689885036e+04,2.1857017086563450e+04,
 2.2859942898082332e+04,2.3899252774983004e+04,2.4975432272940005e+04,
 2.6088897209462582e+04,2.7239987314442453e+04,2.8428959533404563e+04,
 2.9655981762265797e+04,3.0921126515195247e+04,3.2224364872438800e+04,
 3.3565560898237381e+04,3.4944466160053111e+04,3.6360715090546670e+04,
 3.7813820606309935e+04,3.9303170582817591e+04,4.0828025004247284e+04,
 4.2387513891741459e+04,4.3980636176808628e+04,4.5606259527501257e+04,
 4.7263121051755174e+04,4.8949829281375351e+04,5.0664866959505445e+04,
 5.2406595083451808e+04,5.4173258103993445e+04,5.5962989783791396e+04,
 5.7773820810472876e+04,5.9603686512049782e+04,6.1450436319342785e+04,
 6.3311843506404832e+04,6.5185615798311155e+04,6.7069406975811275e+04,
 6.8960828213607980e+04,7.0857460796991247e+04,7.2756868170518777e+04,
 7.4656608740519412e+04,7.6554248396622817e+04,7.8447372792787486e+04,
 8.0333599626517112e+04,8.2210590195339042e+04,8.4076060595209769e+04,
 8.5927792295190768e+04,8.7763641823890168e+04,8.9581549779452718e+04,
 9.1379549001105363e+04,9.3155771465604485e+04,9.4908454848082169e+04,
 9.6635947280252294e+04,9.8336711875321605e+04,1.0000932974299313e+05,
 1.0165250213395437e+05,1.0326505199921262e+05,1.0484592390963626e+05,
 1.0639418402581576e+05,1.0790901842839604e+05,1.0938973131205815e+05,
 1.1083574225225569e+05,1.1224658281017223e+05,1.1362189292105922e+05,
 1.1496141642196718e+05,1.1626499656253177e+05,1.1753257097695254e+05,
 1.1876416649770197e+05,1.1995989379985679e+05,1.2111994189758622e+05,
 1.2224457255115175e+05,1.2333411477090981e+05,1.2438895917366639e+05,
 1.2540955261088435e+05,1.2639639275832228e+05,1.2735002288553597e+05,
 1.2827102689408934e+05,1.2916002431239167e+05,1.3001766581413962e+05,
 1.3084462866521906e+05,1.3164161251946943e+05,1.3240933553707285e+05,
 1.3314853067898640e+05,1.3385994214645450e+05,1.3454432220151942e+05,
 1.3520242819122414e+05,1.3583501979500410e+05,1.3644285648385159e+05,
 1.3702669524370850e+05,1.3758728848124857e+05,1.3812538215269614e+05,
 1.3864171407661145e+05,1.3913701243947615e+05,1.3961199447117277e+05,
 1.4006736528729295e+05,1.4050381688731498e+05,1.4092202729266044e+05,
 1.4132265981405054e+05,1.4170636245226051e+05,1.4207376740811477e+05,
 1.4242549069286018e+05,1.4276213184124787e+05,1.4308427370289090e+05,
 1.4339248232050511e+05,1.4368730687563511e+05,1.4396927969414857e+05,
 1.4423891632373459e+05,1.4449671563980877e+05,1.4474316002090595e+05,
 1.4497871554142892e+05,1.4520383221718349e+05,1.4541894427035042e+05,
 1.4562447042533895e+05,1.4582081422809212e+05,1.4600836435327947e+05,
 1.4618749496708580e+05,1.4635856613700156e+05,1.4652192412662861e+05,
 1.4667790178854534e+05,1.4682681900370430e+05,1.4696898300148119e+05,
 1.4710468874467639e+05,1.4723421935818222e+05,1.4735784649583249e+05,
 1.4747583071240588e+05,1.4758842182528149e+05,1.4769585928784258e+05,
 1.4779837257048106e+05,1.4789618152280842e+05,1.4798949670886996e+05,
 1.4807851975071459e+05,1.4816344366361725e+05,1.4824445318397714e+05,
 1.4832172509372875e+05,1.4839542851889864e+05,1.4846572523784268e+05,
 1.4853276997161112e+05,1.4859671066426043e+05,1.4865768875785291e+05,
 1.4871583945504983e+05,1.4877129197709987e+05,1.4882416981336608e+05,
 1.4887459095620850e+05,1.4892266813303999e+05,1.4896850902746932e+05,
 1.4901221649289932e+05,1.4905388875991356e+05,1.4909361963249618e+05,
 1.4913149867948573e+05,1.4916761141782993e+05,1.4920203948791599e+05,
 1.4923486082305593e+05,1.4926614981139777e+05,1.4929597745170904e+05,
 1.4932441150315289e+05,1.4935151662817018e+05,1.4937735452987676e+05,
 1.4940198408388687e+05,1.4942546146428538e+05,1.4944784026450865e+05,
 1.4946917161313901e+05,1.4948950428460340e+05,1.4950888480516925e+05,
 1.4952735755570341e+05,1.4954496486654269e+05,1.4956174711000259e+05,
 1.4957774279442790e+05,1.4959298864277874e+05,1.4960751967332070e+05,
 1.4962136928523931e+05,1.4963456932802525e+05,1.4964715017187808e+05,
 1.4965914077492076e+05,1.4967056874750019e+05,1.4968146041839392e+05,
 1.4969184088975858e+05,1.4970173409506981e+05,1.4971116285311515e+05,
 1.4972014891807531e+05,1.4972871303095171e+05,1.4973687496392237e+05,
 1.4974465356696516e+05,1.4975206681020494e+05,1.4975913182365129e+05,
 1.4976586493798278e+05,1.4977228171957919e+05,1.4977839700764450e+05,
 1.4978422494733371e+05,1.4978977902154144e+05,1.4979507208310260e+05,
 1.4980011638237187e+05,1.4980492359676296e+05,1.4980950485663101e+05,
 1.4981387077069259e+05,1.4981803145127732e+05,1.4982199653617200e+05,
 1.4982577521144354e+05,1.4982937623290814e+05,1.4983280794620008e+05,
 1.4983607830504939e+05,1.4983919488994652e+05,1.4984216492639063e+05,
 1.4984499530037041e+05,1.4984769257481006e+05,1.4985026300488683e+05,
 1.4985271255193808e+05,1.4985504689756807e+05,1.4985727145671935e+05,
 1.4985939138995932e+05,1.4986141161559054e+05,1.4986333682094837e+05]