[2.6000000000000000e+01,2.7417481029588167e+01,2.8912029715116685e+01,
 3.0487812532435886e+01,3.2149218541127183e+01,3.3900870957174632e+01,
 3.5747639299861255e+01,3.7694652275050657e+01,3.9747311030098281e+01,
 4.1911303270928855e+01,4.4192617836567543e+01,4.6597560156181345e+01,
 4.9132768355030848e+01,5.1805230112019053e+01,5.4622300268589584e+01,
 5.7591719299823964e+01,6.0721632565276423e+01,6.4020610431708207e+01,
 6.7497669068910653e+01,7.1162292661605349e+01,7.5024456131008606e+01,
 7.9094648856946762e+01,8.3383899301419618e+01,8.7903801004401672e+01,
 9.2666539060538838e+01,9.7684917823027021e+01,1.0297238983785758e+02,
 1.0854308538856893e+02,1.1441184342594748e+02,1.2059424329614176e+02,
 1.2710663736562793e+02,1.3396618502369614e+02,1.4119088704550083e+02,
 1.4879962129437266e+02,1.5681217923222917e+02,1.6524930263293228e+02,
 1.7413272195350734e+02,1.8348519433915610e+02,1.9333054244854159e+02,
 2.0369369445775922e+02,2.1460072223981047e+02,2.2607888113685595e+02,
 2.3815664997682376e+02,2.5086376790859143e+02,2.6423127351973244e+02,
 2.7829154220729089e+02,2.9307831904726606e+02,3.0862675475237529e+02,
 3.2497343680519316e+02,3.4215641495306710e+02,3.6021523009111485e+02,
 3.7919093408203156e+02,3.9912610352954061e+02,4.2006485582118773e+02,
 4.4205285081091063e+02,4.6513728733297864e+02,4.8936689811138865e+02,
 5.1479192501311218e+02,5.4146409054183550e+02,5.6943656100964267e+02,
 5.9876388522295258e+02,6.2950193030445973e+02,6.6170780028064996e+02,
 6.9543972602390261e+02,7.3075695168835739e+02,7.6771959345492473e+02,
 8.0638846689658067e+02,8.4682490694450701e+02,8.8909054989946890e+02,
 9.3324708298218275e+02,9.7935597780658873e+02,1.0274781788225362e+03,
 1.0776737585491583e+03,1.1300015434443287e+03,1.1845186949711972e+03,
 1.2412802521897204e+03,1.3003386328504998e+03,1.3617430985204908e+03,
 1.4255391668633299e+03,1.4917679802777964e+03,1.5604656544855743e+03,
 1.6316625494090010e+03,1.7053825132761410e+03,1.7816421255652258e+03,
 1.8604498303389164e+03,1.9418050826667777e+03,2.0256975095722901e+03,
 2.1121059696759594e+03,2.2009976482386191e+03,2.2923271210778853e+03,
 2.3860354600584860e+03,2.4820493539896606e+03,2.5802802108590131e+03,
 2.6806233771880338e+03,2.7829573414773313e+03,2.8871430890677143e+03,
 2.9930234941106796e+03,3.1004228459975388e+03,3.2091465257824134e+03,
 3.3189807814552642e+03,3.4296927318943326e+03,3.5410305065943039e+03,
 3.6527236149916771e+03,3.7644835317475204e+03,3.8760045022309373e+03,
 3.9869645869902160e+03,4.0970269919658294e+03,4.2058415638500428e+03,
 4.3130466600450873e+03,4.4182711315574070e+03,4.5211366316416306e+03,
 4.6212601399600981e+03,4.7182565615689155e+03,4.8117417367617763e+03,
 4.9013352815086046e+03,4.9866638345595302e+03,5.0673641450737550e+03,
 5.1430862662661684e+03,5.2134967916536234e+03,5.2782818154883880e+03,
 5.3371500366968485e+03,5.3898354504506060e+03,5.4360999774877428e+03,
 5.4757357820970237e+03,5.5085672716229174e+03,5.5344527891909302e+03,
 5.5532859810690770e+03,5.5649966477674279e+03,5.5695514121062752e+03,
 5.5669537501079967e+03,5.5572437773545744e+03,5.5404976397421133e+03,
 5.5168263217700342e+03,5.4863744825970161e+03,5.4493184812021755e+03,
 5.4058645541456335e+03,5.3562464286038885e+03,5.3007228208823444e+03,
 5.2395748622684587e+03,5.1731031474269630e+03,5.1016249907706415e+03,
 5.0254713920379181e+03,4.9449841464451392e+03,4.8605129525451366e+03,
 4.7724125741583575e+03,4.6810401238438253e+03,4.5867525214771849e+03,
 4.4899039930831232e+03,4.3908439188564698e+03,4.2899147025642160e+03,
 4.1874499505970462e+03,4.0837728672260105e+03,3.9791947221243795e+03,
 3.8740137735235603e+03,3.7685141157994963e+03,3.6629649787295084e+03,
 3.5576200536183842e+03,3.4527170546520770e+03,3.3484775018669034e+03,
 3.2451065300014411e+03,3.1427930003073252e+03,3.0417095972643760e+03,
 2.9420131320791693e+03,2.8438449053840445e+03,2.7473311525064223e+03,
 2.6525835825909335e+03,2.5596999554702870e+03,2.4687647105659398e+03,
 2.3798496413087073e+03,2.2930145855311898e+03,2.2083081314445853e+03,
 2.1257683298946185e+03,2.0454234218259435e+03,1.9672925416788544e+03,
 1.8913864214801094e+03,1.8177080699766434e+03,1.7462534427623013e+03,
 1.6770120771412419e+03,1.6099677115138584e+03,1.5450988691168925e+03,
 1.4823794183903506e+03,1.4217790993453655e+03,1.3632640215255044e+03,
 1.3067971314459235e+03,1.2523386444214420e+03,1.1998464517527739e+03,
 1.1492765019252076e+03,1.1005831386955770e+03,1.0537194287261393e+03,
 1.0086374467551079e+03,9.6528854847507262e+02,9.2362361009543110e+02,
 8.8359324880792997e+02,8.4514802163357797e+02,8.0823860149363225e+02,
 7.7281593737678418e+02,7.3883139372851019e+02,7.0623687532452243e+02,
 6.7498493591947204e+02,6.4502887249398577e+02,6.1632280701959212e+02,
 5.8882175549488613e+02,5.6248168616222131e+02,5.3725957049199019e+02,
 5.1311342101319121e+02,4.9000231706884716e+02,4.6788643687597590e+02,
 4.4672707263201551e+02,4.2648663261888703e+02,4.0712865634112802e+02,
 3.8861781531511934e+02,3.7091990143416496e+02,3.5400182244395501e+02,
 3.3783159241830714e+02,3.2237831981436847e+02,3.0761219147203008e+02,
 2.9350445090397073e+02,2.8002737744942914e+02,2.6715426775753713e+02,
 2.5485941185927305e+02,2.4311806992582780e+02,2.3190644721242214e+02,
 2.2120166716699077e+02,2.1098174826480422e+02,2.0122557606450002e+02,
 1.9191287747176759e+02,1.8302419519774230e+02,1.7454086067635120e+02,
 1.6644496915191732e+02,1.5871935339796337e+02,1.5134755779552913e+02,
 1.4431381439943297e+02,1.3760301755050077e+02,1.3120070019116204e+02,
 1.2509301039001551e+02,1.1926668768377382e+02,1.1370904131020629e+02,
 1.0840792790754844e+02,1.0335173018310222e+02,9.8529336539919740e+01,
 9.3930120612800437e+01,8.9543922077229936e+01,8.5361027761778615e+01,
 8.1372153188376487e+01,7.7568425237814282e+01,7.3941364922096312e+01,
 7.0482870998158262e+01,6.7185204148664099e+01,6.4040971436584300e+01,
 6.1043112058817208e+01,5.8184883245861364e+01,5.5459846624246616e+01,
 5.2861853882406891e+01,5.0385035202976539e+01,4.8023787095859390e+01,
 4.5772760818392989e+01,4.3626851377330404e+01,4.1581186932339961e+01,
 3.9631117468543813e+01,3.7772205505615005e+01,3.6000216869873398e+01,
 3.4311111820436196e+01,3.2701036236537995e+01,3.1166312794703558e+01,
 2.9703433531160627e+01,2.8309052074825761e+01,2.6979976347077226e+01,
 2.5713161716885821e+01,2.4505704085350114e+01,2.3354833786770890e+01,
 2.2257909269951249e+01,2.1212411306930470e+01,2.0215937535757941e+01,
 1.9266196911546803e+01,1.8361004857605774e+01,1.7498278192897782e+01,
 1.6676030563129270e+01,1.5892368052889152e+01,1.5145484765193757e+01,
 1.4433658986821413e+01,1.3755249124696929e+01,1.3108690113349965e+01,
 1.2492489891853401e+01,1.1905225913115185e+01,1.1345542097406424e+01,
 1.0812145668651794e+01,1.0303804173633512e+01,9.8193426921245184e+00,
 9.3576412778151887e+00,8.9176323633982779e+00,8.4982982283857709e+00,
 8.0986688209279993e+00,7.7178194713043222e+00,7.3548687553729364e+00,
 7.0089765432103031e+00,6.6793420317028236e+00,6.3652019154182033e+00,
 6.0658286645934041e+00,5.7805288318208028e+00,5.5086414685331953e+00]