[583293.           ,583280.5652291373 ,583266.6702678774 ,
 583251.143857064  ,583233.794704853  ,583214.4091530065 ,
 583192.7485804635 ,583168.5465060713 ,583141.5053606068 ,
 583111.2928913882 ,583077.5381613515 ,583039.8270884202 ,
 582997.6974915584 ,582950.6335807489 ,582898.0598314526 ,
 582839.3341854376 ,582773.7405066887 ,582700.4802183935 ,
 582618.6630406271 ,582527.296748516  ,582425.2758501243 ,
 582311.3691030932 ,582184.2057604437 ,582042.2604513771 ,
 581883.8365959242 ,581707.048249468  ,581509.8002910529 ,
 581289.7668652972 ,581044.3680100692 ,580770.7444339152 ,
 580465.7304084582 ,580125.824816606  ,579747.1604579043 ,
 579325.4717155247 ,578856.0608720987 ,578333.763471947  ,
 577752.9131212166 ,577107.3064920802 ,576390.169481293  ,
 575594.125430865  ,574711.166997724  ,573732.6335192253 ,
 572649.1955893266 ,571450.8496433978 ,570126.9255932554 ,
 568666.11025723   ,567056.4907767889 ,565285.6221044852 ,
 563340.6221438053 ,561208.2994883219 ,558875.3175012702 ,
 556328.3980177821 ,553554.5673609071 ,550541.4458463722 ,
 547277.579516528  ,543752.810348116  ,539958.6788433439 ,
 535888.8480762066 ,531539.535081975  ,526909.9320984789 ,
 522002.5956901423 ,516823.7807969778 ,511383.6946615326 ,
 505696.6468509604 ,499781.0745934998 ,493659.42788303917,
 487357.90624825784,480906.04927156377,474336.18855677714,
 467682.78516992053,460981.6797317017 ,454269.29077912145,
 447581.8009256448 ,440954.36937680223,434420.40726234997,
 428010.9459088677 ,421754.1206172847 ,415674.78349159576,
 409794.24996232166,404130.17539040267,398696.55118558934,
 393503.8057988707 ,388558.990618432  ,383866.0318465194 ,
 379426.0287572388 ,375237.57956277725,371297.12010897073,
 367599.2594122561 ,364137.1046711711 ,360902.56558509765,
 357886.6337649698 ,355079.63386699883,352471.4449821796 ,
 350051.6921809045 ,347809.90856823034,345735.6737113598 ,
 343818.7221768137 ,342049.03404116526,340416.9042968153 ,
 338912.9945415616 ,337528.37099613587,336254.5294932114 ,
 335083.4102309137 ,334007.4039445324 ,333019.3511717926 ,
 332112.5360571053 ,331280.6757495192 ,330517.9063756425 ,
 329818.7670389507 ,329178.18173056585,328591.44039772137,
 328054.1792530606 ,327562.36095789477,327112.2548799041 ,
 326700.4176806841 ,326323.6744425933 ,325979.10044302605,
 325664.003687026  ,325375.9082602848 ,325112.5385446467 ,
 324871.8043134662 ,324651.7867097996 ,324450.7250974074 ,
 324267.00476453174,324099.14545414486,323945.79068869795,
 323805.6978532149 ,323677.7289987763 ,323560.8423255365 ,
 323454.084315013  ,323356.5824504342 ,323267.53851348464,
 323186.22240235476,323111.96643945057,323044.16013253503,
 322982.24536232057,322925.7119593828 ,322874.09363841783,
 322826.9642830348 ,322783.934514851  ,322744.6485682905 ,
 322708.78140042064,322676.0360841699 ,322646.14137994946,
 322618.84953546384,322593.93425390736,322571.18887093914,
 322550.4246393299 ,322531.4691918179 ,322514.1651265984 ,
 322498.3687119797 ,322483.94870288164,322470.7852610241 ,
 322458.76896679454,322447.79991545784,322437.78689172526,
 322428.6466163569 ,322420.30305723066,322412.68679963803,
 322405.734471209  ,322399.3882172171 ,322393.5952209154 ,
 322388.30726521584,322383.48033251584,322379.07423963473,
 322375.0523041557 ,322371.3810395605 ,322368.029876982  ,
 322364.9709113759 ,322362.1786695698 ,322359.62989834015,
 322357.30337104434,322355.1797112153 ,322353.2412313853 ,
 322351.4717858283 ,322349.8566362276 ,322348.3823291174 ,
 322347.03658391954,322345.80819064757,322344.68691660947,
 322343.663421279  ,322342.7291785348 ,322341.8764056117 ,
 322341.0979983148 ,322340.38747189834,322339.73890706705,
 322339.1469006362 ,322338.6065205499 ,322338.113264826  ,
 322337.66302406235,322337.2520471758 ,322336.87691017316,
 322336.5344876435 ,322336.2219267324 ,322335.93662334274,
 322335.67620048067,322335.4384883737 ,322335.22150651197,
 322335.0234470918 ,322334.8426599505 ,322334.67763883184,
 322334.52700883086,322334.38951494213,322334.2640116007 ,
 322334.1494531448 ,322334.04488510336,322333.94943623256,
 322333.862311272  ,322333.7827843113 ,322333.7101927513 ,
 322333.6439317652 ,322333.583449283  ,322333.52824136754,
 322333.4778480391 ,322333.4318494254 ,322333.3898622723 ,
 322333.351536748  ,322333.3165535277 ,322333.2846211372 ,
 322333.25547351775,322333.2288678198 ,322333.2045823567 ,
 322333.18241479085,322333.16218042094,322333.1437106607 ,
 322333.1268516176 ,322333.11146282614,322333.097416066  ,
 322333.0845943019 ,322333.07289070374,322333.06220775895,
 322333.0524564572 ,322333.0435555509 ,322333.0354308792 ,
 322333.0280147473 ,322333.0212453655 ,322333.015066331  ,
 322333.0094261619 ,322333.00427786144,322332.9995785372 ,
 322332.9952890332 ,322332.9913736114 ,322332.98779964686,
 322332.9845373627 ,322332.98155957717,322332.9788414797 ,
 322332.9763604236 ,322332.9740957365 ,322332.9720285498 ,
 322332.97014163877,322332.96841928276,322332.96684713045,
 322332.96541208355,322332.9641021847 ,322332.96290652035,
 322332.9618151279 ,322332.9608189142 ,322332.9599095788 ,
 322332.95907954517,322332.95832189766,322332.95763032354,
 322332.9569990613 ,322332.95642284973,322332.95589688834,
 322332.95541679516,322332.95497856976,322332.9545785605 ,
 322332.9542134365 ,322332.9538801542 ,322332.9535759369 ,
 322332.9532982507 ,322332.95304478036,322332.95281341544,
 322332.9526022272 ,322332.9524094563 ,322332.95223349717,
 322332.95207288273,322332.9519262756 ,322332.95179245324,
 322332.9516703011 ,322332.9515588026 ,322332.9514570274 ,
 322332.951364128  ,322332.9512793304 ,322332.95120192756,
 322332.9511312751 ,322332.9510667841 ,322332.951007917  ,
 322332.95095418405,322332.95090513694,322332.9508603671 ,
 322332.9508195017 ,322332.9507822    ,322332.9507481511 ,
 322332.950717072  ,322332.950688703  ,322332.95066280814,
 322332.9506391712 ,322332.9506175951 ,322332.95059790096]