[11339469.          ,11336445.880210632 ,11333194.975831848 ,
 11329699.519897304 ,11325941.573724065 ,11321901.954658967 ,
 11317560.161235506 ,11312894.29548956  ,11307880.983147085 ,
 11302495.29129476  ,11296710.644481633 ,11290498.739499144 ,
 11283829.459608017 ,11276670.788768355 ,11268988.726530265 ,
 11260747.20549164  ,11251908.011756029 ,11242430.70939227  ,
 11232272.572205303 ,11221388.523208091 ,11209731.083568616 ,
 11197250.336052496 ,11183893.90255554  ,11169606.939462367 ,
 11154332.157265963 ,11138009.863010656 ,11120578.031984689 ,
 11101972.415820098 ,11082126.684600491 ,11060972.612366607 ,
 11038440.31249328  ,11014458.520039884 ,10988954.932685377 ,
 10961856.613901604 ,10933090.45586976  ,10902583.713360041 ,
 10870264.607093383 ,10836062.995423956 ,10799911.120047064 ,
 10761744.417947248 ,10721502.399620404 ,10679129.586472474 ,
 10634576.495255057 ,10587800.667859351 ,10538767.719537647 ,
 10487452.395716725 ,10433839.62691785  ,10377925.533603346 ,
 10319718.383328106 ,10259239.470882706 ,10196523.863736002 ,
 10131621.031817151 ,10064595.310747866 , 9995526.154138183 ,
  9924508.204627333 , 9851651.124204006 , 9777079.175824663 ,
  9700930.581671353 , 9623356.619226858 , 9544520.489869302 ,
  9464595.964584278 , 9383765.838770647 , 9302220.209540732 ,
  9220154.625958601 , 9137768.144147744 , 9055261.330310157 ,
  8972834.254145073 , 8890684.52099714  , 8809005.377817763 ,
  8727983.932641096 , 8647799.52244798  , 8568622.255945303 ,
  8490611.754566716 , 8413916.09908725  , 8338670.999397172 ,
  8264999.188121156 , 8193010.02382668  , 8122799.301817605 ,
  8054449.264800427 , 7988028.778227773 , 7923593.668953176 ,
  7861187.201922265 , 7800840.655736178 , 7742574.001354577 ,
  7686396.650719952 , 7632308.241566482 , 7580299.465586458 ,
  7530352.910370939 , 7482443.890745205 , 7436541.276466241 ,
  7392608.2963829115, 7350603.303930339 , 7310480.50983581  ,
  7272190.671547015 , 7235681.732116164 , 7200899.41341378  ,
  7167787.759426014 , 7136289.629302044 , 7106347.142148418 ,
  7077902.069410887 , 7050896.19871487  , 7025271.636353794 ,
  7000971.0719984695, 6977938.02358893  , 6956117.024364679 ,
  6935453.7937652655, 6915895.3744394975, 6897390.243830763 ,
  6879888.400932977 , 6863341.434816902 , 6847702.572311119 ,
  6832926.711294559 , 6818970.436531186 , 6805792.026912643 ,
  6793351.447861122 , 6781610.339307782 , 6770531.990339334 ,
  6760081.31268433  , 6750224.8044100385, 6740930.511389171 ,
  6732167.985482789 , 6723908.238131792 , 6716123.6944322055,
  6708788.140760433 , 6701876.6803636355, 6695365.683443336 ,
  6689232.728117755 , 6683456.557773441 , 6678017.033692199 ,
  6672895.078565155 , 6668072.633800681 , 6663532.612025597 ,
  6659258.850830254 , 6655236.068699251 , 6651449.822149551 ,
  6647886.464768023 , 6644533.106822539 , 6641377.577058433 ,
  6638408.385830117 , 6635614.689713455 , 6632986.257702242 ,
  6630513.438679765 , 6628187.130559698 , 6625998.750771513 ,
  6623940.208105135 , 6622003.875906677 , 6620182.5665963795,
  6618469.507436569 , 6616858.317504695 , 6615342.985848935 ,
  6613917.850748956 , 6612577.580068925 , 6611317.152634122 ,
  6610131.840593856 , 6609017.192719831 , 6607969.018608017 ,
  6606983.373757786 , 6606056.545423375 , 6605185.039285343 ,
  6604365.566821315 , 6603595.033404048 , 6602870.5270464765,
  6602189.307789711 , 6601548.79769245  , 6600946.571372861 ,
  6600380.347086384 , 6599847.978324102 , 6599347.445891105 ,
  6598876.850429338 , 6598434.405372242 , 6598018.43030938  ,
  6597627.344732205 , 6597259.662142442 , 6596913.984502837 ,
  6596588.997009676 , 6596283.463170247 , 6595996.220170359 ,
  6595726.17450793  , 6595472.297867661 , 6595233.623290214 ,
  6595009.241503555 , 6594798.297482801 , 6594599.987281741 ,
  6594413.5549359415, 6594238.28963313  , 6594073.523046394 ,
  6593918.626756325 , 6593773.009920554 , 6593636.117014105 ,
  6593507.425708492 , 6593386.444932868 , 6593272.712969904 ,
  6593165.795718104 , 6593065.28506072  , 6592970.797280599 ,
  6592881.971632873 , 6592798.468961852 , 6592719.9703992065,
  6592646.1761783995, 6592576.804468557 , 6592511.590309269 ,
  6592450.284614813 , 6592392.653202455 , 6592338.475919358 ,
  6592287.545797925 , 6592239.668258214 , 6592194.660383874 ,
  6592152.350209499 , 6592112.576068471 , 6592075.185985685 ,
  6592040.037083031 , 6592006.995045713 , 6591975.933607145 ,
  6591946.734060875 , 6591919.284818623 , 6591893.480975383 ,
  6591869.223910457 , 6591846.420917324 , 6591824.98484034  ,
  6591804.833748649 , 6591785.890622325 , 6591768.083053918 ,
  6591751.34297877  , 6591735.606409848 , 6591720.813193791 ,
  6591706.906785385 , 6591693.834025742 , 6591681.5449430775,
  6591669.992561587 , 6591659.132719028 , 6591648.923902185 ,
  6591639.327085283 , 6591630.305580865 , 6591621.824902394 ,
  6591613.852628891 , 6591606.358283233 , 6591599.313215802 ,
  6591592.690493026 , 6591586.464797005 , 6591580.6123270765,
  6591575.110708683 , 6591569.938909659 , 6591565.077157671 ,
  6591560.506865866 , 6591556.210562055 , 6591552.171820628 ,
  6591548.375201323 , 6591544.806189271 , 6591541.451139311 ,
  6591538.297224994 , 6591535.332388227 , 6591532.54529386  ,
  6591529.925286588 , 6591527.4623493645, 6591525.147066046 ,
  6591522.970584884 , 6591520.924584509 , 6591519.001242845 ,
  6591517.193206423 , 6591515.493562628 , 6591513.895813479 ,
  6591512.393850228 , 6591510.981930572 , 6591509.654656422 ,
  6591508.406953125 , 6591507.234050522 , 6591506.131464235 ,
  6591505.094978724 , 6591504.120631322 , 6591503.204696733 ,
  6591502.343673116 , 6591501.534268562 , 6591500.773388399 ,
  6591500.058123639 , 6591499.385739588 , 6591498.753665484 ,
  6591498.159484783 , 6591497.600925699 , 6591497.075852708 ,
  6591496.5822583195, 6591496.118255316 , 6591495.68206972  ,
  6591495.272033843 , 6591494.886579963 , 6591494.524234415 ,
  6591494.183611801 , 6591493.863409823 , 6591493.562404263 ,
  6591493.2794442475, 6591493.013447959 , 6591492.763398401 ,
  6591492.528339537 , 6591492.307372686 , 6591492.099653004 ,
  6591491.904386311 , 6591491.720826053 , 6591491.548270397 ,
  6591491.386059625 , 6591491.233573549 , 6591491.090229154 ]