[1.4800000000000000e+03,3.8074719225725780e+03,6.2887250803690904e+03,
 8.9336923023225427e+03,1.1752916655173745e+04,1.4757584648524420e+04,
 1.7959560703525935e+04,2.1371422648956777e+04,2.5006498319649538e+04,
 2.8878903198365853e+04,3.3003578941723288e+04,3.7396332608440149e+04,
 4.2073876499702106e+04,4.7053868341853726e+04,5.2354951675312506e+04,
 5.7996795923712103e+04,6.4000136238658066e+04,7.0386811970670751e+04,
 7.7179804517855693e+04,8.4403272693048813e+04,9.2082585890860006e+04,
 1.0024435464744689e+05,1.0891645628131251e+05,1.1812805732288359e+05,
 1.2790962941427172e+05,1.3829295875950795e+05,1.4931114916875996e+05,
 1.6099861419240810e+05,1.7339106149670068e+05,1.8652546463073464e+05,
 2.0044002136044260e+05,2.1517410068964981e+05,2.3076816922930811e+05,
 2.4726370328619724e+05,2.6470308284937497e+05,2.8312946128425631e+05,
 3.0258661633144855e+05,3.2311877452582261e+05,3.4477041203282139e+05,
 3.6758602865254937e+05,3.9160989464346995e+05,4.1688576983566099e+05,
 4.4345659384864999e+05,4.7136414970972255e+05,5.0064869791580632e+05,
 5.3134858765327581e+05,5.6349983954316727e+05,5.9713571245408675e+05,
 6.3228624547562911e+05,6.6897779387056420e+05,7.0723254758620111e+05,
 7.4706805575333606e+05,7.8849674620525376e+05,8.3152546383435500e+05,
 8.7615502171500062e+05,9.2237978449689003e+05,9.7018728535505908e+05,
 1.0195578900307887e+06,1.0704645147612337e+06,1.1228724077163672e+06,
 1.1767390008147934e+06,1.2320138421062699e+06,1.2886386084728136e+06,
 1.3465472143521493e+06,1.4056660030097000e+06,1.4659140439380237e+06,
 1.5272035084175207e+06,1.5894401511342961e+06,1.6525238619865212e+06,
 1.7163493100503637e+06,1.7808066477695056e+06,1.8457822813175998e+06,
 1.9111596874227279e+06,1.9768202642543463e+06,2.0426442092156808e+06,
 2.1085113987595043e+06,2.1743022697100462e+06,2.2398986756056105e+06,
 2.3051847153523900e+06,2.3700475174030233e+06,2.4343779676153497e+06,
 2.4980713799330080e+06,2.5610280886468687e+06,2.6231539743835367e+06,
 2.6843609013959109e+06,2.7445670807179282e+06,2.8036973468251931e+06,
 2.8616833547929395e+06,2.9184637016129759e+06,2.9739839676939598e+06,
 3.0281966970111807e+06,3.0810613033760339e+06,3.1325439299994060e+06,
 3.1826172470659511e+06,3.2312602152613681e+06,3.2784578033925020e+06,
 3.3242006819785810e+06,3.3684848880461161e+06,3.4113114756924491e+06,
 3.4526861574258269e+06,3.4926189273783211e+06,3.5311236886709896e+06,
 3.5682178936090665e+06,3.6039221814631158e+06,3.6382600144828772e+06,
 3.6712573424751433e+06,3.7029422800215869e+06,3.7333447910995847e+06,
 3.7624963950181962e+06,3.7904298918120689e+06,3.8171791040456612e+06,
 3.8427786395947561e+06,3.8672636722948896e+06,3.8906697397287493e+06,
 3.9130325606478630e+06,3.9343878714676532e+06,3.9547712769314907e+06,
 3.9742181181232440e+06,3.9927633560474082e+06,4.0104414694280331e+06,
 4.0272863645932968e+06,4.0433313006809936e+06,4.0586088244684939e+06,
 4.0731507153973361e+06,4.0869879423217536e+06,4.1001506266898899e+06,
 4.1126680163681596e+06,4.1245684647631384e+06,4.1358794172893213e+06,
 4.1466274037677320e+06,4.1568380353911435e+06,4.1665360070854574e+06,
 4.1757451030820101e+06,4.1844882064488088e+06,4.1927873114662939e+06,
 4.2006635385337351e+06,4.2081371513096895e+06,4.2152275756606394e+06,
 4.2219534200065602e+06,4.2283324970087726e+06,4.2343818460558495e+06,
 4.2401177564879507e+06,4.2455557914248863e+06,4.2507108116656598e+06,
 4.2555970000532335e+06,4.2602278855454763e+06,4.2646163674162375e+06,
 4.2687747391975010e+06,4.2727147120460002e+06,4.2764474382149978e+06,
 4.2799835336593222e+06,4.2833331003527502e+06,4.2865057481052466e+06,
 4.2895106155372430e+06,4.2923563908236027e+06,4.2950513315308047e+06,
 4.2976032839160617e+06,4.3000197016700674e+06,4.3023076637995457e+06,
 4.3044738920957968e+06,4.3065247678025234e+06,4.3084663476642771e+06,
 4.3103043794382969e+06,4.3120443166339565e+06,4.3136913327811845e+06,
 4.3152503350321744e+06,4.3167259771672562e+06,4.3181226721136598e+06,
 4.3194446038161805e+06,4.3206957386638671e+06,4.3218798363726120e+06,
 4.3230004603017084e+06,4.3240609874131922e+06,4.3250646176900426e+06,
 4.3260143831160450e+06,4.3269131562725650e+06,4.3277636584654246e+06,
 4.3285684674932715e+06,4.3293300250484077e+06,4.3300506437219018e+06,
 4.3307325136940451e+06,4.3313777090843813e+06,4.3319881939793741e+06,
 4.3325658281747829e+06,4.3331123726141369e+06,4.3336294945529625e+06,
 4.3341187724757502e+06,4.3345817007546434e+06,4.3350196940719914e+06,
 4.3354340916165998e+06,4.3358261610602904e+06,4.3361971023366991e+06,
 4.3365480512226429e+06,4.3368800827351194e+06,4.3371942143467451e+06,
 4.3374914090371691e+06,4.3377725781937893e+06,4.3380385843513506e+06,
 4.3382902437892249e+06,4.3385283289971324e+06,4.3387535709941695e+06,
 4.3389666615602504e+06,4.3391682553313123e+06,4.3393589717513211e+06,
 4.3395393969911113e+06,4.3397100857258625e+06,4.3398715627731811e+06,
 4.3400243247372936e+06,4.3401688415150847e+06,4.3403055576978382e+06,
 4.3404348939594375e+06,4.3405572483368805e+06,4.3406729974145200e+06,
 4.3407824975095140e+06,4.3408860857562888e+06,4.3409840811045282e+06,
 4.3410767853279980e+06,4.3411644839433301e+06,4.3412474470675709e+06,
 4.3413259302666038e+06,4.3414001753357528e+06,4.3414704110163571e+06,
 4.3415368537238706e+06,4.3415997082072394e+06,4.3416591681619398e+06,
 4.3417154168421701e+06,4.3417686276207529e+06,4.3418189645071933e+06,
 4.3418665826686816e+06,4.3419116289038099e+06,4.3419542420802470e+06,
 4.3419945535769584e+06,4.3420326876852503e+06,4.3420687619815813e+06,
 4.3421028877008660e+06,4.3421351700764131e+06,4.3421657086541662e+06,
 4.3421945976104196e+06,4.3422219260392720e+06,4.3422477782195592e+06,
 4.3422722338832915e+06,4.3422953684592033e+06,4.3423172532987986e+06,
 4.3423379559039380e+06,4.3423575401329380e+06,4.3423760663917456e+06,
 4.3423935918269074e+06,4.3424101704999842e+06,4.3424258535498120e+06,
 4.3424406893556686e+06,4.3424547236849666e+06,4.3424679998304499e+06,
 4.3424805587486029e+06,4.3424924391845930e+06,4.3425036777885528e+06,
 4.3425143092327015e+06,4.3425243663171101e+06,4.3425338800682062e+06,
 4.3425428798379553e+06,4.3425513933933666e+06,4.3425594469998591e+06,
 4.3425670655052895e+06,4.3425742724156929e+06,4.3425810899659377e+06,
 4.3425875391908279e+06,4.3425936399892112e+06,4.3425994111837875e+06,
 4.3426048705813400e+06,4.3426100350269778e+06,4.3426149204548001e+06,
 4.3426195419388777e+06,4.3426239137391550e+06,4.3426280493443711e+06,
 4.3426319615152143e+06,4.3426356623231713e+06,4.3426391631868575e+06,
 4.3426424749085698e+06,4.3426456077071521e+06,4.3426485712487828e+06,
 4.3426513746778974e+06,4.3426540266450150e+06,4.3426565353327980e+06,
 4.3426589084822433e+06,4.3426611534162220e+06,4.3426632770615509e+06,
 4.3426652859711675e+06,4.3426671863440424e+06,4.3426689840438822e+06,
 4.3426706846178938e+06,4.3426722933136374e+06,4.3426738150948640e+06,
 4.3426752546573989e+06,4.3426766164434068e+06,4.3426779046548009e+06,
 4.3426791232666923e+06,4.3426802760394569e+06,4.3426813665300962e+06,
 4.3426823981036171e+06,4.3426833739432460e+06,4.3426842970600491e+06]