[ 9051.             , 9227.471644266128 , 9406.832918396369 ,
  9589.1079782631   , 9774.32013067323  , 9962.491778065463 ,
 10153.644360073946 ,10347.798293356604 ,10544.972909990382 ,
 10745.186397081114 ,10948.45572604103  ,11154.796594093223 ,
 11364.223348381624 ,11576.748922831697 ,11792.384763440448 ,
 12011.14075715153  ,12233.02515949126  ,12458.04451549732  ,
 12686.203589448567 ,12917.505279574356 ,13151.950546369262 ,
 13389.538322213564 ,13630.265446694908 ,13874.126583321671 ,
 14121.114131188262 ,14371.218128305707 ,14624.426181639035 ,
 14880.723372058712 ,15140.092186636535 ,15402.512452018967 ,
 15667.961204368332 ,15936.412617060423 ,16207.837938202872 ,
 16482.205410128467 ,16759.48015682182  ,17039.624111129153 ,
 17322.59595563845  ,17608.351034971256 ,17896.84126071299  ,
 18188.01504043281  ,18481.81723423957  ,18778.189062396716 ,
 19077.06802360772  ,19378.38783437917  ,19682.078405920824 ,
 19988.06574711839  ,20296.271904955407 ,20606.614919356445 ,
 20919.00882170325  ,21233.363539911246 ,21549.584864747325 ,
 21867.574419030796 ,22187.229651887414 ,22508.443838460822 ,
 22831.10602233088  ,23155.101029518217 ,23480.309470494427 ,
 23806.60771404003  ,24133.86792853923  ,24461.95811118163  ,
 24790.742113305652 ,25120.07967209728  ,25449.826434177736 ,
 25779.834045236348 ,26109.95020439876  ,26440.018737497267 ,
 26769.879667806992 ,27099.3693120623   ,27428.320390840236 ,
 27756.562136556604 ,28083.920413298216 ,28410.217829836358 ,
 28735.273901826586 ,29058.905200700927 ,29380.925515121104 ,
 29701.14600747139  ,30019.375385452375 ,30335.42012159546  ,
 30649.084643969036 ,30960.171546544087 ,31268.48176981732  ,
 31573.814860545408 ,31875.96921354413  ,32174.74231219741  ,
 32469.930967935918 ,32761.33154425771  ,33048.740280402526 ,
 33331.953548850106 ,33610.768136730796 ,33884.98148671481  ,
 34154.392005265465 ,34418.79938279343  ,34678.0048791176   ,
 34931.81161796766  ,35180.024837938145 ,35422.45225647127  ,
 35658.90436444605  ,35889.19472889303  ,36113.14026560338  ,
 36330.56153151199  ,36541.28307301039  ,36745.13370066316  ,
 36941.94678277828  ,37131.56052654796  ,37313.818211994934 ,
 37488.568516149084 ,37655.66576426973  ,37814.970176319    ,
 37966.34810709127  ,38109.67234997512  ,38244.82234226552  ,
 38371.684323523186 ,38490.15156495243  ,38600.124553302514 ,
 38701.51118787286  ,38794.22703550335  ,38878.19534840969  ,
 38953.34723424982  ,39019.62177801366  ,39076.96614202787  ,
 39125.33574103775  ,39164.694260587275 ,39195.013681517106 ,
 39216.27434464877  ,39228.46497201559  ,39231.58269264826  ,
 39225.6330726157   ,39210.63002194019  ,39186.59577672444  ,
 39153.56084143348  ,39111.56391533052  ,39060.65184516982  ,
 39000.879485068064 ,38932.309573738276 ,38855.01260910599  ,
 38769.06670009668  ,38674.5574126516   ,38571.57760199611  ,
 38460.22721120495  ,38340.61308016368  ,38212.848737246604 ,
 38077.05417949353  ,37933.35563338506  ,37781.88532813744  ,
 37622.781248976    ,37456.186883362156 ,37282.250962854974 ,
 37101.127164201185 ,36912.97384269829  ,36717.95379726178  ,
 36516.23397320942  ,36307.98518476185  ,36093.38183770252  ,
 35872.60162787848  ,35645.825101617294 ,35413.23557011602  ,
 35175.018788012974 ,34931.36265362178  ,34682.45693386872  ,
 34428.49299492093  ,34169.66343996492  ,33906.16181432268  ,
 33638.18245749065  ,33365.920177295644 ,33089.56998646574  ,
 32809.32686162185  ,32525.385556879955 ,32237.940290159015 ,
 31947.184539587746 ,31653.310832609342 ,31356.510535197962 ,
 31056.97351337904  ,30754.88803292014  ,30450.440589275415 ,
 30143.815690022526 ,29835.195675241408 ,29524.76057884567  ,
 29212.687987129742 ,28899.152840144965 ,28584.3273173491   ,
 28268.38071047211  ,27951.47929745851  ,27633.786193882923 ,
 27315.46129486147  ,26996.661167729715 ,26677.53896069846  ,
 26358.244323242703 ,26038.923358843327 ,25719.718547368797 ,
 25400.768684121394 ,25082.20883945749  ,24764.170319408717 ,
 24446.780637944612 ,24130.163495727556 ,23814.43875253631  ,
 23499.722418702815 ,23186.126648455236 ,22873.759743389543 ,
 22562.726184864252 ,22253.12661516687  ,21945.057860858633 ,
 21638.61295713217  ,21333.881174053924 ,21030.94806407153  ,
 20729.895488558643 ,20430.801650399408 ,20133.74114167661  ,
 19838.78498926027  ,19546.000713082016 ,19255.452390297534 ,
 18967.200687712655 ,18681.302928832196 ,18397.813153991796 ,
 18116.782183987863 ,17838.257698607842 ,17562.284286907692 ,
 17288.903517006554 ,17018.1540061508   ,16750.071489956754 ,
 16484.688902122016 ,16222.036441907037 ,15962.141640947435 ,
 15705.02943883626  ,15450.722255522913 ,15199.240066360435 ,
 14950.600479062237 ,14704.818799068831 ,14461.908104763696 ,
 14221.879319678732 ,13984.741284346037 ,13750.500830096298 ,
 13519.162846891353 ,13290.730353428191 ,13065.204566536724 ,
 12842.584969232408 ,12622.869378533911 ,12406.054010739379 ,
 12192.133547438569 ,11981.101199354129 ,11772.948769429107 ,
 11567.666714119616 ,11365.244202612881 ,11165.669178203207 ,
 10968.928415735336 ,10775.00757841407  ,10583.891271721232 ,
 10395.563098189792 ,10210.005711033873 ,10027.20086511417  ,
  9847.12946674664  , 9669.77162079143  , 9495.106679529123 ,
  9323.113287977747 , 9153.769427997053 , 8987.052463043057 ,
  8822.939180378657 , 8661.405828983996 , 8502.42815953567  ,
  8345.981462252874 , 8192.040607212093 , 8040.580076149219 ,
  7891.573996424673 , 7744.996174244887 , 7600.820127366944 ,
  7459.019117483653 , 7319.566176106076 , 7182.434133893496 ,
  7047.595647686553 , 6915.0232284112735, 6784.689264889346 ,
  6656.566047064326 , 6530.6257893361   , 6406.8406526970875,
  6285.182766831695 , 6165.624248645758 , 6048.137221741586 ,
  5932.693834666268 , 5819.266279036317 , 5707.826805756108 ,
  5598.347739950587 , 5490.801496223382 , 5385.160592707502 ,
  5281.397664348584 , 5179.485476546857 , 5079.396938325635 ,
  4981.1051107058365, 4884.583218570516 , 4789.804660751312 ,
  4696.7430194712315, 4605.372069109388 , 4515.665784061464 ,
  4427.598347114682 , 4341.144156527753 , 4256.277832746435 ,
  4172.974224702597 , 4091.2084155275293, 4010.9557257452548,
  3932.191720360367 , 3854.892213434872 , 3779.0332717672145]