[583293.           ,583282.9340869781 ,583272.4723470926 ,
 583261.5992964221 ,583250.29885213   ,583238.5543095737 ,
 583226.3483189007 ,583213.662860689  ,583200.4792207741 ,
 583186.7779641888 ,583172.5389081752 ,583157.7410942343 ,
 583142.362758713  ,583126.3813041227 ,583109.7732685994 ,
 583092.514290796  ,583074.579078852  ,583055.941376875  ,
 583036.5739283076 ,583016.4484396513 ,582995.5355433718 ,
 582973.8047582678 ,582951.2244489685 ,582927.7617849031 ,
 582903.382696985  ,582878.051833532  ,582851.7325146908 ,
 582824.3866850203 ,582795.9748654594 ,582766.4561026286 ,
 582735.7879182446 ,582703.9262563582 ,582670.8254283604 ,
 582636.4380558196 ,582600.7150143761 ,582563.6053737678 ,
 582525.0563382445 ,582485.0131837785 ,582443.4191930733 ,
 582400.2155903343 ,582355.3414763703 ,582308.7337578413 ,
 582260.3270769254 ,582210.0537402277 ,582157.8436468376 ,
 582103.6242115864 ,582047.32028924   ,581988.8540985304 ,
 581928.1451431549 ,581865.1101302963 ,581799.6628899027 ,
 581731.7142954273 ,581661.1721781609 ,581587.9412428472 ,
 581511.9229842821 ,581433.0156055723 ,581351.1139280312 ,
 581266.1093062522 ,581177.8895462267 ,581086.3388204372 ,
 580991.3375791179 ,580892.7624676342 ,580790.4862506776 ,
 580684.377725816  ,580574.3016427465 ,580460.1186286107 ,
 580341.6851214265 ,580218.8532887038 ,580091.4709609762 ,
 579959.3815748794 ,579822.4241163977 ,579680.4330579116 ,
 579533.2383129287 ,579380.6652074947 ,579222.534437732  ,
 579058.6620406073 ,578888.8593810116 ,578712.9331589974 ,
 578530.6853963768 ,578341.9134537819 ,578146.4100677932 ,
 577943.9633982249 ,577734.3570683188 ,577517.3702407756 ,
 577292.7777231091 ,577060.35006487   ,576819.8536782151 ,
 576571.0509895508 ,576313.7006252792 ,576047.5575856463 ,
 575772.373463456  ,575487.8966939067 ,575193.8728312695 ,
 574890.0448333686 ,574576.1533938099 ,574251.9373078346 ,
 573917.1338607054 ,573571.4792502355 ,573214.7090473888 ,
 572846.5586875686 ,572466.7640060327 ,572075.0618074998 ,
 571671.1904642415 ,571254.8905484392 ,570825.9055374523 ,
 570383.9825320186 ,569928.8729794726 ,569460.3334851393 ,
 568978.1266697858 ,568482.0220292305 ,567971.7967676546 ,
 567447.2368066056 ,566908.1377575315 ,566354.305891422  ,
 565785.5590919822 ,565201.727975347  ,564602.6569260932 ,
 563988.20516854   ,563358.24787476   ,562712.6772476971 ,
 562051.4035372108 ,561374.3562096971 ,560681.48499961   ,
 559972.760909908  ,559248.1772959065 ,558507.7508523911 ,
 557751.5225189968 ,556979.558439346  ,556191.9508101287 ,
 555388.8186111077 ,554570.3083698599 ,553736.5947978848 ,
 552887.8813161321 ,552024.4005285829 ,551146.4145783508 ,
 550254.2153880222 ,549348.1247917115 ,548428.4945430973 ,
 547495.7062329338 ,546550.1710232603 ,545592.329256399  ,
 544622.6500102472 ,543641.630415348  ,542649.7948361974 ,
 541647.6940494902 ,540635.904151583  ,539615.0253125047 ,
 538585.6805839789 ,537548.5144374454 ,536504.1911261097 ,
 535453.3931564676 ,534396.819524763  ,533335.1837577146 ,
 532269.21210798   ,531199.641577633  ,530127.2177404731 ,
 529052.6927464656 ,527976.8232319705 ,526900.3680500402 ,
 525824.0861880992 ,524748.7346654605 ,523675.06630978   ,
 522603.8277022218 ,521535.7571559738 ,520471.5826739846 ,
 519412.0200327138 ,518357.77092815744,517309.52122702566,
 516267.939288603  ,515233.67435360025,514207.3551663609 ,
 513189.58861394855,512180.9584181485 ,511182.0241671391 ,
 510193.3203239489 ,509215.3552633601 ,508248.6107144681 ,
 507293.54116043705,506350.57324070827,505420.1055759951 ,
 504502.50855151773,503598.1240823259 ,502707.2657720357 ,
 501830.2190418422 ,500967.24121510837,500118.5619998974 ,
 499284.3839413021 ,498464.88281914615,497660.2081036433 ,
 496870.48373821896,496095.80885762104,495336.2586014371 ,
 494591.8848838872 ,493862.71718020155,493148.76339713886,
 492450.01084197627,491766.42718657636,491097.9614115362 ,
 490444.54474666587,489806.09164834075,489182.5007691149 ,
 488573.6559211627 ,487979.42707009683,487399.67125975323,
 486834.2335376008 ,486282.94790889043,485745.63820361363,
 485222.11894601857,484712.1962419795 ,484215.66856434935,
 483732.3275500507 ,483261.9588040333 ,482804.3425817399 ,
 482359.25449057337,481926.4662286632 ,481505.7461738473 ,
 481096.85997433163,480699.5711658207 ,480313.64170910907,
 479938.8324690387 ,479574.9037194636 ,479221.6156205091 ,
 478878.7285943098 ,478546.0037317515 ,478223.2031860131 ,
 477910.09047869145,477606.4308142593 ,477311.99138794426,
 477026.54163446603,476749.8534625176 ,476481.70148296806,
 476221.8632048695 ,475970.1192040587 ,475726.2532849941 ,
 475490.0526241635 ,475261.3078865127 ,475039.8133336539 ,
 474825.3669159396 ,474617.7703490908 ,474416.82917846227,
 474222.35282819526,474034.15464285744,473852.05191773723,
 473675.86591452674,473505.42187116644,473340.54900684487,
 473181.0805127154 ,473026.8535339332 ,472877.70915585215,
 472733.49237565947,472594.05206400715,472459.24093459354,
 472328.91550253856,472202.9360324924 ,472081.16649321123,
 471963.4745073823 ,471849.7312891285 ,471739.81158820033,
 471633.5936379252 ,471530.9590936203 ,471431.79296198144,
 471335.98351617076,471243.42226440436,471154.00387500116,
 471067.62610881386,470984.1897278573 ,470903.59845272184,
 470825.7588945996 ,470750.5804870548 ,470677.9754051555 ,
 470607.85850024736,470540.14724091755,470474.7616430099 ,
 470411.62421029346,470350.65986570914,470291.79589041084,
 470234.9618540477 ,470180.08954857494,470127.1129370969 ,
 470075.9680893667 ,470026.5931243454 ,469978.92815127777,
 469932.9152133492 ,469888.4982308989 ,469845.6229440703 ,
 469804.23686378344,469764.28921825415,469725.7308994884 ,
 469688.51441444986,469652.5938369662 ,469617.9247595627 ,
 469584.46424658905,469552.17078965256,469521.0042635912 ,
 469490.9258820525 ,469461.8981557349 ,469433.8848526599 ,
 469406.8509579877 ,469380.7626350409 ,469355.5871881768 ]